-9.25596e+61
7.13633
10.533
9.15555
5.83357
0.994309
11.073
2.93259
6.09039
7.65059
5.13168
3.94234
0.136539
1.72102
0.691183
0.146654
0.310907
0.412044
3.03844
0.815328
1.54672
2.21346
0.447404
0.992078
3.18232
2.41685
0.742074
0.452833
2.42975
1.0986
0.65724
0.223756
0.378187
0.480594
0.477507
0.291726
2.28912
0.720388
0.355591
2.95696
4.59178
0.695622
1.65192
5.13537
4.63877
2.7305
0.493583
0.484132
1.64703
0.0212063
4.708
0.978396
1.8252
1.15791
1.21718
0.290311
1.2016
2.17133
3.84484
0.0212313
0.933253
0.0549102
1.60522
3.7869
0.907062
1.21796
0.38614
0.423582
2.72302
0.813712
0.77044
1.39767
1.80612
0.65277
0.789959
1.95467
0.185166
1.7332
0.197117
1.8359
0.626579
0.559922
3.43797
1.66158
1.21092
1.94867
2.70085
0.127007
3.68637
0.920553
0.488022
1.09822
1.02681
1.88559
0.648526
1.08356
2.22265
2.59343
1.17388
6.07579
0.102218
0.506515
2.3102
1.78685
0.956639
2.81202
0.386118
1.08266
3.30052
1.75604
3.0082
0.402887
0.509214
4.19171
2.21961
1.00671
1.81727
0.747304
4.30523
0.203136
0.667389
0.715154
0.408055
2.51909
0.489024
1.60237
0.565827
2.20026
2.80443
0.566298
0.0110891
1.40458
0.765106
1.78692
4.70837
3.94986
1.49728
1.62655
2.97305
1.26422
1.13027
0.506399
0.464814
2.55242
1.38299
4.88965
0.466583
1.22377
0.292467
1.6509
0.215122
5.66353
0.413258
0.587246
3.27948
3.33687
3.37928
3.46864
0.93229
2.15808
3.63007
2.08022
0.819086
0.655534
1.89896
5.3524
2.15102
0.498464
1.41163
0.519494
0.188328
2.41936
0.273311
2.94794
1.25001
15.2776
0.719175
1.56762
2.30922
0.493528
1.07184
5.11356
2.0471
0.71832
2.28458
3.13712
5.53805
2.55911
0.403014
0.564883
0.649131
0.486273
2.1082
4.47621
1.37733
5.75213
1.31074
1.10999
0.0843759
0.473624
2.57581
1.84924
3.25803
0.0654448
0.255602
0.748061
0.113121
1.66306
0.169644
3.7769
2.00124
0.446257
0.905065
1.23141
0.0533647
0.12168
4.19929
1.06619
0.28252
2.13949
0.114043
4.43309
3.08512
1.3844
0.589842
0.688825
5.97253
0.774042
3.7782
1.62304
2.05424
1.5609
0.326669
1.33987
0.387651
1.99448
8.40768
0.479018
4.01964
1.83635
1.98818
0.798562
2.80794
0.978492
1.95668
0.614182
0.904899
6.31833
4.33682
0.488687