219.963
50.836
30.5564
8.0479
6.61232
7.29061
5.95159
1.50121
2.28702
1.23976
3.52509
0.776203
4.32838
4.69316
3.40562
5.64051
7.25698
4.49912
5.02777
4.8437
1.92392
1.28504
0.98408
0.82936
3.2651
11.0648
0.30426
1.40439
3.74925
2.48818
0.971361
1.82179
0.641153
4.84741
1.8747
3.52188
1.34126
0.581661
0.235435
0.525504
4.47659
0.351577
2.42888
0.739539
1.03626
2.88533
6.83885
2.98184
4.79075
10.7029
3.75903
3.22984
2.12648
1.32031
0.873894
1.40079
3.42927
7.82126
1.42648
1.89737
0.308398
6.34846
6.21668
2.36777
2.02249
6.68824
1.80385
3.00463
3.20513
10.0997
3.19547
5.71138
2.1606
1.34093
0.392156
2.35846
1.74528
2.6291
0.923231
1.07118
4.14032
5.66568
1.01622
2.34333
1.51914
4.50933
0.110994
3.52063
0.221715
0.425471
2.75171
2.1535
1.71039
4.53132
1.48615
1.39376
7.06881
3.3865
2.45839
3.27122
2.01163
5.04551
1.08973
2.07201
0.96403
2.31131
1.80678
3.47678
1.16043
0.951374
3.63454
3.84884
2.83289
2.95782
1.33732
1.61371
0.455788
2.61186
1.70462
2.9662
5.41327
5.7201
1.60242
4.25577
3.17671
2.22329
0.252268
2.26049
1.13437
4.07502
0.794835
0.19982
3.98022
0.65431
1.01471
5.30584
5.91906
4.00156
5.35866
2.72159
4.17565
3.03301
1.11866
0.237602
4.46175
0.469112
0.38374
2.58246
4.25826
0.409887
6.85193
0.878096
6.73298
1.07859
1.97408
1.31678
1.95718
2.27705
2.40799
2.04342
2.5978
4.0062
2.82671
0.252801
4.50995
1.94799
2.28441
5.21599
7.91485
1.69748
0.710858
1.68353
3.96971
1.13575
4.93456
1.53298
2.35999
1.8513
6.70321
1.89817
1.04072
3.53489
1.75698
0.90743
1.93098
3.4667
0.31853
1.86088
1.32223
6.41908
0.217672
11.0736
3.54262
0.511312
1.3976
1.00146
1.99106
1.70458
5.18444
2.22041
1.75352
1.76812
7.2193
8.18909
0.230956
0.776461
2.91433
2.14539
1.11853
0.615256
8.94906
2.30815
0.945145
3.20177
4.78118
1.8722
5.54912
1.532
2.62492
5.79676
1.61457
6.45224
4.35607
1.85037
1.47114
4.36454
1.67775
5.92739
2.86969
0.504746
0.102673
0.627363
0.260218
8.08502
6.4553
0.623838
2.19557
0.238736
1.45881
0.635906
2.70493
9.83738
0.159236
6.66999
4.09309
2.73605
6.57519
1.397
2.0495
3.87981
